148,109,181,141,1.000000
150,113,183,145,0.829294
153,117,186,149,0.860754
156,118,189,150,0.830525
160,118,193,150,0.783086
162,117,195,149,0.754687
162,118,195,150,0.751929
162,119,195,151,0.783511
163,120,196,152,0.769443
164,120,197,152,0.765387
167,119,200,151,0.741426
166,115,199,147,0.729792
161,112,194,144,0.730438
157,110,190,142,0.654865
156,107,189,139,0.658348
154,79,188,112,0.502000
151,74,186,107,0.492610
147,71,182,104,0.489942
142,69,177,102,0.506077
135,68,170,101,0.672128
128,68,163,101,0.673167
127,68,162,101,0.675077
127,67,162,100,0.623252
127,65,162,98,0.625320
128,63,163,96,0.623921
139,66,176,100,0.736766
146,71,182,105,0.723562
151,79,187,113,0.761531
156,89,192,123,0.769533
160,99,196,133,0.763492
163,121,199,155,0.759391
165,128,201,162,0.714092
165,125,202,160,0.614890
165,113,201,147,0.678410
164,93,200,127,0.670455
NaN,NaN,NaN,NaN,NaN
NaN,NaN,NaN,NaN,NaN
NaN,NaN,NaN,NaN,NaN
160,52,187,79,0.663736
159,56,186,83,0.666899
NaN,NaN,NaN,NaN,NaN
161,89,201,127,0.555905
162,106,203,145,0.610698
162,120,203,159,0.601246
162,122,203,161,0.573930
162,101,202,139,0.548987
160,94,187,121,0.694511
159,92,186,119,0.611248
158,94,185,121,0.617519
157,98,184,125,0.676175
155,114,182,141,0.687885
154,125,181,152,0.642917
155,138,181,164,0.634850
157,155,182,180,0.612514
157,166,183,192,0.620800
NaN,NaN,NaN,NaN,NaN
NaN,NaN,NaN,NaN,NaN
NaN,NaN,NaN,NaN,NaN
NaN,NaN,NaN,NaN,NaN
NaN,NaN,NaN,NaN,NaN
148,109,175,136,0.655783
146,113,173,140,0.679912
144,120,171,147,0.669826
142,130,170,158,0.647177
141,142,169,170,0.642981
138,141,167,170,0.611260
135,122,163,150,0.607813
131,101,159,129,0.617130
127,79,157,109,0.571034
124,71,153,100,0.565654
117,65,147,95,0.588617
116,69,146,99,0.572369
114,78,149,113,0.584815
114,95,149,130,0.573279
115,112,150,147,0.586576
NaN,NaN,NaN,NaN,NaN
NaN,NaN,NaN,NaN,NaN
NaN,NaN,NaN,NaN,NaN
NaN,NaN,NaN,NaN,NaN
NaN,NaN,NaN,NaN,NaN
NaN,NaN,NaN,NaN,NaN
NaN,NaN,NaN,NaN,NaN
NaN,NaN,NaN,NaN,NaN
NaN,NaN,NaN,NaN,NaN
NaN,NaN,NaN,NaN,NaN
NaN,NaN,NaN,NaN,NaN
NaN,NaN,NaN,NaN,NaN
NaN,NaN,NaN,NaN,NaN
NaN,NaN,NaN,NaN,NaN
NaN,NaN,NaN,NaN,NaN
175,70,208,102,0.670090
175,70,208,102,0.670505
174,75,207,107,0.628580
174,84,208,117,0.623068
175,99,208,131,0.623309
NaN,NaN,NaN,NaN,NaN
NaN,NaN,NaN,NaN,NaN
NaN,NaN,NaN,NaN,NaN
NaN,NaN,NaN,NaN,NaN
163,109,190,136,0.688155
159,98,187,126,0.707756
157,96,185,124,0.690932
154,97,182,125,0.630081
153,102,181,130,0.666112
152,111,180,139,0.645515
149,130,179,160,0.686189
145,125,177,157,0.662375
139,108,171,140,0.613250
133,93,168,128,0.522291
130,85,165,120,0.556491
126,80,161,115,0.549330
123,81,158,116,0.530323
120,87,155,122,0.576452
119,97,154,132,0.546340
119,110,154,145,0.511529
120,130,156,166,0.526900
120,125,157,162,0.498915
119,112,156,149,0.480346
120,102,158,139,0.452095
124,97,161,133,0.443728
129,95,167,132,0.463404
129,99,167,136,0.459958
132,107,172,146,0.471631
136,118,177,158,0.485405
143,132,184,172,0.461746
154,149,194,189,0.476865
158,139,198,179,0.467086
162,123,202,163,0.479613
165,113,204,152,0.475169
166,105,205,144,0.478803
167,97,207,137,0.460276
166,98,206,138,0.462092
161,101,205,145,0.472418
156,108,204,156,0.459241
166,121,199,153,0.519228
163,135,198,169,0.501036
164,127,197,159,0.494040
163,114,196,146,0.529610
162,104,196,137,0.498504
161,98,196,132,0.495879
159,93,194,127,0.512028
157,94,192,128,0.536080
154,101,190,136,0.539017
152,110,189,145,0.535927
150,120,189,157,0.550518
149,125,188,162,0.575968
148,110,187,147,0.588375
147,97,185,133,0.527732
143,91,179,125,0.531648
137,90,173,124,0.500347
126,99,161,132,0.486549
123,108,158,141,0.487428
121,121,156,154,0.514146
119,137,154,170,0.532082
118,153,153,186,0.524242
118,157,153,190,0.581249
120,147,154,180,0.527211
121,136,156,169,0.549360
123,129,160,164,0.522721
128,126,165,161,0.498582
138,128,176,164,0.497723
141,133,179,169,0.477814
148,142,186,178,0.508485
154,154,193,191,0.527274
158,168,197,205,0.560134
166,168,205,205,0.520956
170,152,209,189,0.483374
171,138,212,177,0.459386
178,130,218,168,0.476779
183,125,223,163,0.491903
187,123,227,161,0.476173
187,127,227,165,0.467116
185,134,227,174,0.460690
178,145,222,187,0.449975
171,157,215,199,0.450702
156,149,200,191,0.467292
149,129,192,170,0.487935
142,111,186,152,0.478409
138,100,182,141,0.437659
135,91,179,132,0.464800
131,86,175,127,0.482660
130,90,175,132,0.469699
130,97,177,140,0.477123
130,109,179,153,0.474199
130,118,180,163,0.507802
132,111,182,156,0.504511
132,99,184,145,0.511878
133,92,186,139,0.498568
135,89,188,136,0.490458
140,90,193,137,0.505871
147,98,200,145,0.490487
147,107,201,155,0.494303
147,120,202,169,0.495058
147,137,202,186,0.489956
147,151,202,200,0.524999
147,141,203,191,0.490389
152,140,192,178,0.532513
151,133,191,171,0.583632
151,132,191,170,0.587347
151,134,191,172,0.587110
151,143,191,181,0.567540
151,153,191,191,0.548039
152,167,192,205,0.509399
153,185,193,223,0.530076
154,202,194,240,0.547832
156,195,195,232,0.543047
156,179,196,217,0.520504
156,166,196,204,0.517282
156,155,196,193,0.494703
151,156,199,202,0.492343
150,143,199,190,0.483493
150,144,199,191,0.490361
150,147,200,195,0.484461
150,156,201,205,0.475704
150,166,201,215,0.475905
149,148,202,198,0.510967
147,121,205,175,0.490890
147,106,204,159,0.498768
148,100,205,153,0.498190
157,89,197,127,0.497587
154,89,195,127,0.483558
152,90,195,129,0.516699
151,102,195,143,0.509661
152,120,195,160,0.541767
150,132,195,175,0.515054
NaN,NaN,NaN,NaN,NaN
141,112,181,150,0.489718
139,103,179,141,0.543037
137,100,176,137,0.509868
134,99,173,136,0.501972
130,106,170,144,0.473005
129,114,171,154,0.491803
129,127,171,167,0.514036
130,138,172,178,0.505531
133,137,175,177,0.487049
135,113,175,151,0.525030
136,105,176,143,0.479887
138,100,178,138,0.470417
151,91,184,123,0.607368
158,90,191,122,0.639268
162,103,195,135,0.589045
167,114,200,146,0.579718
174,126,208,159,0.544134
177,130,212,164,0.617730
178,123,213,157,0.594653
176,95,219,136,0.480414
177,92,221,134,0.491627
178,90,222,132,0.505967
179,89,223,131,0.500376
180,89,223,130,0.483233
185,101,226,140,0.521495
187,110,231,152,0.498898
189,121,234,164,0.511183
191,124,235,166,0.547414
193,119,238,162,0.505841
193,91,237,133,0.461436
193,86,237,128,0.473607
189,85,233,127,0.472547
183,85,226,126,0.469935
178,88,220,128,0.480846
171,103,214,144,0.482093
167,115,210,156,0.494605
165,127,207,167,0.490056
161,126,203,166,0.513308
157,115,198,155,0.485740
155,94,196,134,0.503179
154,91,195,131,0.485760
152,90,193,130,0.485534
150,91,191,131,0.491592
149,96,190,136,0.501076
143,116,189,161,0.483611
142,130,188,175,0.479907
140,140,186,185,0.483124
137,138,183,183,0.490058
128,125,175,171,0.492324
115,107,151,142,0.537468
114,103,150,138,0.513109
113,102,150,138,0.508668
112,104,149,140,0.489392
110,109,148,145,0.474126
116,128,155,165,0.504761
120,141,159,178,0.491008
123,143,164,182,0.514330
130,138,170,176,0.486849
138,120,178,158,0.465770
145,95,183,131,0.467699
150,87,188,123,0.453684
154,84,192,120,0.485686
157,84,195,120,0.488453
162,89,200,125,0.491076
165,111,203,147,0.499618
165,124,203,160,0.475970
165,132,202,167,0.500671
165,130,202,165,0.510113
165,115,202,150,0.526352
166,95,202,129,0.500859
165,91,201,125,0.485265
164,91,200,125,0.482336
163,94,198,127,0.478436
160,98,196,132,0.503360
152,122,188,156,0.548563
150,135,187,170,0.504604
147,137,186,174,0.520563
146,133,184,169,0.510962
145,121,183,157,0.514847
133,105,173,143,0.511726
135,108,175,146,0.505743
137,114,177,152,0.482958
138,118,178,156,0.466545
138,126,179,165,0.509398
137,149,180,190,0.491328
136,161,181,203,0.464335
135,167,181,210,0.528569
